a<-2+2
B<-4+4
