a<-2+2+3
b<-4+4
